20 10 5 5
19 10 5 5
21 10 5 5
10 20 5 5
10 19 5 5
10 21 5 5
10 15 3 7
7 8 4 9
11 9 1 3
8 9 3 2
79 29 13 2
61 83 2 28
79 71 19 12
16 67 28 88
29 43 42 49
11 99 21 3
25 76 77 32
32 98 55 38
52 47 96 10
52 95 7 5
71 55 35 76
50 29 84 48
56 70 13 24
100 59 11 9
81 90 36 37
67 92 8 8
30 28 82 73
66 53 58 90
50 72 54 84
62 54 1 17
98 93 21 6
24 23 35 50
88 48 54 17
83 70 4 21
100 75 6 19
92 47 22 15
93 74 30 9
32 39 30 98
72 60 14 14
64 77 11 14
94 68 10 23
7 8 22 10
71 100 47 15
86 74 99 91
37 10 68 73
70 85 32 7
79 87 67 22
71 64 70 16
16 15 13 61
84 37 18 2
74 68 11 22
94 58 15 29
75 96 9 8
73 67 11 95
7 17 87 21
74 60 8 20
58 73 45 62
28 78 66 43
67 79 15 26
72 51 21 8
75 89 3 23
27 35 66 41
36 86 10 14
19 49 2 6
94 21 79 25
43 5 88 97
45 57 3 17
77 72 31 10
60 69 22 13
77 62 2 13
42 31 1 25
73 63 2 1
95 68 6 34
63 84 23 15
89 96 18 22
60 86 13 18
47 46 60 39
74 86 12 82
40 57 82 98
82 67 15 14
12 82 35 58
69 88 2 29
100 78 26 12
62 53 11 9
57 62 3 9
64 11 33 13
4 70 9 63
92 95 21 7
94 84 2 19
67 62 70 85
48 88 16 10
51 56 19 3
52 90 22 23
68 48 3 14
73 52 52 96
29 56 36 40
92 72 16 28
83 16 59 94
55 90 21 10
100 91 20 36
76 88 30 9
84 77 21 42
99 50 6 15
98 55 12 13
71 74 13 26
47 82 58 42
23 2 6 85
98 12 10 94
17 61 37 84
73 78 5 33
47 46 89 63
67 48 8 14
97 52 9 9
22 66 80 66
2 31 12 3
39 89 13 9
50 8 38 99
62 18 30 98
81 61 6 22
19 95 2 16
72 89 12 9
32 60 36 43
41 4 19 71
99 82 18 34
22 52 61 65
61 5 81 58
57 87 11 21
81 64 33 52
51 53 12 74
56 84 7 13
80 32 16 3
71 83 3 7
61 5 54 19
43 94 6 10
14 84 6 1
70 79 7 13
88 11 14 30
35 41 75 10
31 18 62 71
3 14 16 74
50 4 74 71
99 72 23 10
60 100 14 3
71 78 10 38
60 79 64 12
22 24 35 99
88 77 4 36
83 45 10 15
92 63 45 95
0 0 0 0
