5 50000001
2 77314742728684103377022523
3 83546527400223563532133331021132033215340630333522323033
3 65242333544353047383277172632372733300368112236334
3 335386473336532363333626077723607233236633233333313
5 42752585055565555427223805555881585
5 45464723554505521863553216550552055355555587832875750545171537525126205036856125554645111311565
6 5025061766687035540466526210747141862577086887638640066566836346623657246871224366
9 892922022700286633926601923
1 3100510510151838056110311081213067141561711116516271315530515738368458041101318474561671077
4 4444358427014
3 360638083535631
5 845865375457157584654688254558636515578850448256072325525
1 835101278485654111381621161264202511657101256218331050112541037511586
6 563666463646262254410550873637026375687032641
8 5568682374551855832282658835885818807018765882381781218808188058188788751808888108
7 7677573287734722347575354767717676576074678768707475530777173077511552
2 2121042674622582220287
9 86417299633672977991270855617064801692843531069221096909750938
9 509953779943911098394958702974999612039979446880648625899799282413447899649292986567192
1 7113810131153211152864611317212115171311161011211101111433216111113513
0 0
