1
773147478684103377053
854652740022565211021120215406052220
6524254450478277172627270068112264
58647652662607772607226621
4272806427223808818
446472340218633216020387832877041713721262003686124641113116
502501787035540452210747141825770888738400583342357248712243
82220227002866332660123
300505058380560308230674567656273553055738368458040384745667077
3582701
6068085561
848637471784646882486361788044826072322
8350278485654386262642025657025628330502540375586
534342225441055087337023758703241
5566237455155322265355107017652317121010517751010
6532834223455354616656046868045530130511552
1104674658087
864172633672771270855617064801628435310622106075038
50537743110834587027461203744688064862587282413447864228656712
738035325286463722573602043326353
