1 9
1 99
1 999
1 9999
1 99999
1 999999
1 9999999
1 99999999
1 999999999
9 1
99 1
999 1
9999 1
99999 1
999999 1
9999999 1
99999999 1
999999999 1
0 9
0 99
0 999
0 9999
0 99999
0 999999
0 9999999
0 99999999
0 999999999
9 0
99 0
999 0
9999 0
99999 0
999999 0
9999999 0
99999999 0
999999999 0
9 999999999
99 999999999
999 999999999
9999 999999999
99999 999999999
999999 999999999
9999999 999999999
99999999 999999999
999999999 999999999
999999999 9
999999999 99
999999999 999
999999999 9999
999999999 99999
999999999 999999
999999999 9999999
999999999 99999999
000000000 00000000
0 3167948
99956 123456
3167948 0
0 0
