2
S
54
26
57
38
42
73
4
63
69
92
19
53
53
88
60
94
32
54
11
21
41
44
27
67
71
70
97
11
64
84
44
71
73
88
53
10
17
64
6
59
13
52
68
86
75
42
81
62
94
49
56
97
95
80
31
9
30
59
83
31
78
29
76
52
72
16
24
21
3
54
56
73
63
93
41
15
2
11
59
88
53
32
15
6
38
82
59
1
77
5
6
75
9
41
98
14
8
67
63
28
87
17
46
25
8
20
59
42
1
8
79
46
66
82
85
41
30
36
67
99
47
78
32
18
62
83
12
89
88
3
56
58
2
23
77
11
18
95
74
81
3
43
11
59
2
M
54
26
57
38
42
73
4
63
69
92
19
53
53
88
60
94
32
54
11
21
41
44
27
67
71
70
97
11
64
84
44
71
73
88
53
10
17
64
6
59
13
52
68
86
75
42
81
62
94
49
56
97
95
80
31
9
30
59
83
31
78
29
76
52
72
16
24
21
3
54
56
73
63
93
41
15
2
11
59
88
53
32
15
6
38
82
59
1
77
5
6
75
9
41
98
14
8
67
63
28
87
17
46
25
8
20
59
42
1
8
79
46
66
82
85
41
30
36
67
99
47
78
32
18
62
83
12
89
88
3
56
58
2
23
77
11
18
95
74
81
3
43
11
59